Start Year,Window Size,danceability,energy,loudness,speechiness,acousticness,instrumentalness,valence,tempo,duration_ms,artist_id,genre_id
2001,5,0.0008123199493610683,0.004823459090545717,0.0604611878190992,0.0018180749942701452,0.025158024769081643,0.031456217898659385,0.0012367725677614465,0.0020310377833360604,0.043544068472272206,0.5633383799416274,0.26532045671398574
2000,5,0.0024944154693511858,0.006484162692945849,0.0630542958315624,0.000919234075728487,0.041492458470090025,0.019734510552687132,0.0012001394844236536,0.0010748504100950354,0.031343068487307876,0.55400670885723,0.2781961556685784
2002,5,0.0018555409423116368,0.005052801156496593,0.059136032926242456,0.001990236014197295,0.0316422531844865,0.026977301247689944,0.0008846035404334045,0.0014387458980442017,0.037786554488926274,0.5465883970434852,0.28664753355768646
2003,5,0.0020153361955427495,0.0029382276428764776,0.04904697633168644,0.001367318688226388,0.012257131383507171,0.05408336025201152,0.0012988605625868124,0.0007036284752775582,0.031414466703301246,0.40039297332592844,0.44448172043905515
2000,21,0.00222815953057436,0.0042905217795638695,0.04801613441140056,0.0021451977234398364,0.010671791268002282,0.06699718691375821,0.0018077439836003558,0.0004103320803539434,0.0278294034396451,0.5620538587402913,0.2735496701293702
2004,5,0.0003524983018184662,0.0035981986820302157,0.055740176685483644,0.002253476018614275,0.011098715979578287,0.06408546111298025,0.0008691050916449144,0.0006125973383704146,0.028333684031868214,0.39793344690632254,0.4351226398512889
2006,5,0.0032147423805363715,0.002140490938452168,0.07465811304750686,0.010580788471767532,0.006567295065537033,0.06537333063169094,0.005731541268069252,0.0022579632544535997,0.04173774017914202,0.5671288495139033,0.2206091452489409
2007,5,0.009500213646640714,0.0011086330807510611,0.055757179442753935,0.011780567410421139,0.005385238537993849,0.0969728160664555,0.0034242142714366324,0.0015143771214589194,0.04162223161538061,0.5650538745400454,0.20788065426666227
2001,20,0.0018043969110044752,0.004184596976886212,0.053216198276082774,0.0020041350824669866,0.010791419595388738,0.067283060737022,0.0018252727840757457,0.000794604843945808,0.030090851563700997,0.5572020590426393,0.2708034041867869
2008,5,0.0042725837983327184,0.005476306042999892,0.05751831856947979,0.016155639626612144,0.012068779014585536,0.06200513222901658,0.006587944200374772,0.0010892221223904135,0.036488195725687095,0.5726620706717841,0.225675807998737
2009,5,0.0021663120006175994,0.008731028990184771,0.06499826839023581,0.013860220435404216,0.011180555275909247,0.07197772389828751,0.0019078812881988408,0.0026165998237664394,0.029673902043610936,0.5751028949985065,0.21778461285527817
2010,5,0.0032008395024606118,0.009645735627990816,0.08075510148522655,0.01562950994194435,0.012989693735821208,0.054927368588139576,0.0020373150216216798,0.0024709906145602128,0.017143460673647706,0.5887939144234869,0.21240607038510043
2000,20,0.002266480821393763,0.004737339963044335,0.05174796815902554,0.0024535066249473897,0.009683710056349555,0.06098522081014066,0.0025291054927632775,0.0006728733902102045,0.032269420398673324,0.5529610287355725,0.27969334554787956
2011,5,0.0022246248769131317,0.004161985948007423,0.08692191423684383,0.0018745826792079241,0.012452260956775471,0.06934506382415512,0.0013313022210601547,0.002071438380513426,0.019547351054565936,0.49437077673639024,0.3056986990855674
2012,5,0.002983932936342053,0.00589227139682193,0.07209707568453601,0.002057956024378285,0.011442229144130052,0.07744658004910737,0.001479635912766524,0.00018439816057624813,0.02685235971644266,0.3853860479913119,0.414177512983587
2013,5,0.0012985204908774078,0.0027302941761447185,0.07107518933086723,0.0010290067280376374,0.009243009460856731,0.09173617952799809,0.0031223739497664455,0.0010113510367452906,0.030737562164690452,0.530707050217471,0.25730946291654505
2014,5,0.002561279000239019,0.005044035289607209,0.053112372611502125,0.0021102296494830606,0.009144565050071175,0.09715980668926301,0.0027072444211897004,0.0006039856063621625,0.041856075025373106,0.5397983573552356,0.2459020493016739
2015,5,0.003391228840871601,0.008380060882452212,0.05013521581338946,0.0013539514424208037,0.006869690166824733,0.07755357303998729,0.0004043174801579543,0.001984234107692144,0.04698571272470434,0.5353103087893977,0.26763170671210185
2016,5,0.0013158609539675222,0.012838419095629704,0.051179385912235635,0.005470070809635741,0.007959333311523792,0.07216607312174582,0.0012806474503763942,0.00012170902235863146,0.041021494429634785,0.3913490912544653,0.4152979146384265
2002,19,0.0010417453983562622,0.004748906761462986,0.04969177728967586,0.0023533445365209087,0.009232404711589051,0.07099062079338762,0.0024376419157446007,0.0008302861287134695,0.03292790990378889,0.5484232892346635,0.27732207332609676
2001,19,0.001818853252933607,0.004636401275017227,0.050059706189841215,0.001538065528398344,0.01057345965657504,0.06662634728501098,0.001169697247794678,0.0005886566908795145,0.029972156526483856,0.5607276837900097,0.27228897255705586
2000,6,0.0018170490058146346,0.004666157819893341,0.0676138174537522,0.0009954846889201196,0.03517707740072747,0.01839213685128336,0.001206884560452987,0.0004916980458376494,0.02933214279617903,0.588683987907157,0.2516235634699822
2000,19,0.0022627340709359084,0.0041941700124000095,0.05456582648968694,0.001279503280527296,0.012697495310022908,0.068033854834223,0.0012612898739724758,0.0008362108099151376,0.035245080955975214,0.5635010127783677,0.25612282158397337
2001,6,0.0032319868404945408,0.004651938419706596,0.05133974213780253,0.0016142816144829387,0.017575380889710543,0.03917053013095366,0.0018930693242641542,0.000872268293545411,0.033021598524636306,0.5857237423646764,0.2609054614597269
2002,6,0.00227211551623135,0.004139235017080395,0.06542554678784145,0.0017456330931741183,0.025962507947403055,0.04480533618539043,0.001376857011646353,0.0006895861144850142,0.03946049512790618,0.5616441191799767,0.252478568018865
2003,6,0.0013463991471156871,0.004085008407557268,0.051259789858403904,0.0008686478025613039,0.011094455374545788,0.05127396904683056,0.0011055833087262482,0.0007355346604076806,0.028997106990629552,0.3942345133076321,0.45499899209559
2003,18,0.001983346102905784,0.004376024048152111,0.054269245671523546,0.002151284154707875,0.008680714644099452,0.07139224791662062,0.0027376176458895206,0.00040683357110548056,0.029727207668603962,0.556172163971081,0.26810331460531067
2005,6,0.003674953689298558,0.002761588286776218,0.052411797441620236,0.008266628152016715,0.008190682990879468,0.07259432528262202,0.002021608887183787,0.0007941053160439187,0.03282110963626712,0.5836084237243273,0.23285477659296472
2006,6,0.0023061166169495045,0.0035309927990692727,0.06435088611856189,0.011378034753648224,0.004569247053288075,0.08559436977471553,0.0019791270664703186,0.0018322626061420618,0.041276521221468236,0.5607572344050804,0.22242520758460638
2007,6,0.0012993291344719968,0.006348874520892806,0.062262190447674476,0.014612742412693152,0.010138096546833479,0.07376654003410262,0.0036729290581192114,0.00154662636381256,0.03451413011423951,0.5907311024316331,0.20110743893552727
2008,6,0.004107950140854419,0.006734444468320911,0.055717877264961684,0.005734828482094442,0.0100684560852226,0.0675636723874761,0.0036098816942310326,0.0010192971212215573,0.02871815635270047,0.5919331853877864,0.2247922506151304
2002,18,0.0019400617555988106,0.00413222634148172,0.054983879429025516,0.0012719418352268002,0.00920804611843263,0.06707668509308183,0.0015005399246078488,0.0006232175586458955,0.030567244948218705,0.5687574055511216,0.25993875144455864
2009,6,0.003644047579664084,0.004720561994436695,0.06884685672229746,0.00866370095262668,0.010360462267872877,0.07496511879169868,0.0029695190376868704,0.0006746329969584681,0.02599236006401843,0.562187966221409,0.23697477337133083
2010,6,0.0035176542900034213,0.00820264396318063,0.060757517313516,0.006797565712647832,0.01118081649874477,0.07022387788296071,0.0029202304084554307,0.0008980436360207794,0.02310797405964392,0.5821393551102036,0.2302543211246229
2011,6,0.0027350278310446304,0.0018750843868845714,0.0678155650128923,0.0008647595425044162,0.01281597750908097,0.07852732786412546,0.0006040662981920428,0.0016836299759817241,0.027663685017389764,0.5546865946063623,0.250728281955542
2012,6,0.00147426527837206,0.006153941718363186,0.06128553510363639,0.0016595159183938064,0.013126500970362274,0.08244768648752857,0.002158658223296575,0.000437838237686939,0.0282726883184977,0.5323288659302372,0.2706545038136253
2013,6,0.0014910822817199559,0.0056953607714757565,0.06174233964612626,0.0034489466253062036,0.00860181922171582,0.09653246078321241,0.002578897720474073,0.0012146685257438266,0.03064066917274752,0.5145086458726111,0.273545109378867
2001,18,0.0013010420566589315,0.004450379123350541,0.06347966355713656,0.0028714508727722458,0.01194092269148186,0.06704053721444553,0.001905780069516502,0.0004408485375750643,0.03182549360343401,0.5398116724211407,0.274932209852488
2014,6,0.0033018867305506573,0.0067686371157047245,0.04823357464723149,0.002252102336604715,0.005303317703083113,0.06993313292851537,0.0024815552911676,0.0003898715435098653,0.03151561785893369,0.5671391259409018,0.262681177903797
2015,6,0.00368027822247634,0.014067177054777337,0.03944025379914174,0.0016610399567259992,0.005925414455405885,0.08277660414428548,0.0019104159094677864,0.0007222624332015503,0.04480621113029454,0.5549659081789391,0.2500444347152842
2016,6,0.003932017199403067,0.010926435802311698,0.0571291497864147,0.003792934306439086,0.006460667457275403,0.0681081706737412,0.00042339971146342477,0.0008450662673283946,0.04108962431202998,0.3939702081177532,0.41332232636583993
2000,18,0.0014603586068925886,0.004283586300148094,0.05727429926728466,0.0015651802889144314,0.011052203946215313,0.06030405007436153,0.0016134474083257825,0.0006275381449492082,0.028061483488913016,0.5706620819188359,0.26309577055515937
2000,7,0.002511187517171453,0.0038770074895246396,0.06281922891361934,0.0012614782678638256,0.02645920859154556,0.03636449664467106,0.0018702151136830855,0.0005877915494993126,0.029006384538430397,0.5675540863441259,0.2676889150298655
2004,17,0.0020058780699440167,0.004632286062315527,0.0535802206852808,0.0021315506910389655,0.00867732821532492,0.0747289631932359,0.001924893905917141,0.0004737952845263706,0.032055643144164744,0.5523628959457972,0.2674265448024545
2001,7,0.0025065686782028934,0.004675565783570265,0.0683916124716916,0.0019873232106065153,0.020447731178354616,0.04561377969430696,0.0012036304967338687,0.00036854754349596464,0.039218509241802306,0.5463877207252891,0.269199010975946
2003,17,0.0008673645042429607,0.00383878278253176,0.04475829591657874,0.0021114596896396197,0.008096411037231374,0.06587642763417227,0.003944248373488622,0.0005101718936253923,0.03333877715977826,0.5669088788214593,0.26974918218725163
2002,7,0.002328977191866219,0.00533247906673887,0.06418075160887703,0.002968512409486184,0.020698263978392965,0.049876302211718106,0.0007022706689790129,0.0013200690225662608,0.02920651808880235,0.5538601574372484,0.26952569831532464
2004,7,0.003958408359103854,0.003634747085476021,0.04498684543877121,0.005854833631193315,0.007876506431312484,0.0566253479705931,0.0017333965685155566,0.0017372316245634705,0.035142868252405784,0.6024762090952143,0.23597360554285093
2005,7,0.0010849320131631603,0.003924295039480707,0.04844127030785588,0.0076645218870573266,0.0051908933309832,0.06840528556108774,0.002289134765042226,0.0010998948630740306,0.033924598783469546,0.5918201370897632,0.2361550363590229
2006,7,0.003219996430482618,0.00546283105446725,0.05633878169927291,0.009066260858471597,0.011397549753010336,0.07794005391273774,0.0020034962326201684,0.001127946730956869,0.03270491424482642,0.5685657593582821,0.23217240972487194
2002,17,0.0010159228958097678,0.005016241942240904,0.05752113314768558,0.0018060667127431519,0.010179879279458964,0.07098852578044446,0.001174970280885669,0.00045847240431726405,0.0334910295609149,0.5577134522119469,0.26063430578355246
2007,7,0.002282110978517947,0.0051631060024221985,0.06576243749639446,0.008797978133798822,0.006631578639247994,0.07389401304163505,0.004555874718591443,0.000876030818917468,0.031986793538636316,0.5697651103394556,0.23028496629238276
2008,7,0.0023813970454122585,0.0035474261189259383,0.05965709193793492,0.0038819969098179224,0.00832599067607543,0.07440668297208987,0.0010442061518640714,0.0022179802120465843,0.027457187507128555,0.5842258737771971,0.23285416669150738
2009,7,0.002291148491377762,0.005780910752509634,0.06123371693860964,0.010440715075829648,0.01142090677564982,0.07491073751146558,0.004710823201685953,0.0009603606090191888,0.024448011858348103,0.5731300035315934,0.23067266525391125
2010,7,0.0018569348233749934,0.004211633419441196,0.05873068439193598,0.006800018911959917,0.011409420334600696,0.07056211297421598,0.002799693221885192,0.0013256914523980057,0.03287474344842302,0.5695647159969435,0.23986435102482154
2001,17,0.0021452927826211363,0.004273967985853291,0.05998715971748753,0.0022564025724172237,0.009933749296521938,0.07453161812721572,0.0018714786559813961,0.0005187636713609032,0.03307375923345365,0.5492331433533487,0.26217466460373845
2011,7,0.0004913616607837215,0.003667981741413631,0.06339362041826287,0.0013311884109001074,0.012488801767681685,0.07715335599395823,0.001693463648217944,0.0011525753015688704,0.02733483398939491,0.5542737525334896,0.2570190645343284
2012,7,0.0010540854233421315,0.007608213394894793,0.06139832069287591,0.0018551248033070412,0.01249350327580006,0.07424388426620362,0.0023360483219887628,0.0006744171170808918,0.03121696430646994,0.544652290255772,0.2624671481422649
2013,7,0.0011738358355571788,0.0036271029771682384,0.055589773529388306,0.0016598335712884374,0.008716504589802667,0.08800578677983818,0.0028598943646387888,0.0008118500198212922,0.0357695205438531,0.544262764920105,0.25752313286853895
2014,7,0.0026620221505775812,0.005959441259664909,0.050646542259336465,0.0012276255636642776,0.009797775319403967,0.08654509016553577,0.0020533854168181386,0.0008958642541348043,0.03758198706993197,0.540949952574097,0.2616803139668353
2000,17,0.0014422052151114467,0.005254946679088502,0.05419219718143421,0.0019778827557298375,0.01248097612088674,0.061862697671726335,0.0017955990926838059,0.00032523109085482295,0.032726037809476985,0.5663806847639593,0.261561541619048
2000,8,0.003086793162926026,0.004526387325927968,0.07981401086480454,0.0016029214428384514,0.021817630322194095,0.036694758223444736,0.0017326668442273036,0.0012755504092079111,0.028540027018382364,0.5728124418566746,0.248096812529372
2005,16,0.001525408388114501,0.004025756425728172,0.0562699939325697,0.002692114201991151,0.008599157550505027,0.07857407291942409,0.002408745407246946,0.0005606925637749991,0.02897463753613695,0.5858795387399472,0.23048988233456122
2001,8,0.0030602892299564444,0.006050405457135972,0.05995932973653374,0.0016451399722897714,0.018627300569936767,0.05152975713783251,0.0004927156909895163,0.0007922455233932318,0.035854090593503495,0.5421943732634219,0.2797943528250068
2002,8,0.001792363969724282,0.005298821184073869,0.06653525475726797,0.0008943987543171393,0.015048732831798655,0.04798211622698686,0.0018598365885561003,0.0005153890557026343,0.0331685692677676,0.563246676620955,0.26365784074284987
2003,8,0.0017697581665768172,0.002846891307450496,0.04365018374047627,0.0026662963313709184,0.007966179511514793,0.05799506831356974,0.0023824467579227617,0.0005663422888699829,0.030764718978949716,0.6275219740392475,0.22187014056405105
2004,8,0.0020428061460374828,0.005359640623571659,0.050070974558667734,0.005058402670264582,0.007175150642697208,0.06347197996676911,0.0016695632824612907,0.0008857860804327111,0.03091064725325188,0.5871464103952213,0.24620863838062515
2004,16,0.002761615803373424,0.0034995656049439383,0.05008024746028441,0.0028307764060220616,0.0073981189644931325,0.06649054532836543,0.0021429518509559252,0.0007080628796112537,0.02901750923755481,0.5493329098398748,0.2857376966245208
2005,8,0.0013102103940360612,0.0052280348495137175,0.05428628061113065,0.006501886925450582,0.01032433925629087,0.06442119265640535,0.002632270922845383,0.0012448622757766314,0.03225853595872084,0.5714281480201945,0.25036423812963543
2006,8,0.0016580401772303868,0.006026333169443436,0.06346160831720087,0.005148296752384953,0.008652136447210296,0.07433354076981788,0.00247753105485638,0.0008105810725324671,0.029499930607760433,0.5798015580856865,0.22813044354587653
2007,8,0.0024600835412874828,0.004822522839613537,0.06296074665698774,0.007040742873703009,0.010501866330055764,0.07916151501151998,0.002518245768415498,0.0008140448447456357,0.026311575675521982,0.5616946977627829,0.24171395869536635
2008,8,0.0016166716137734714,0.005220728075523116,0.06568332017410113,0.0060410951057957366,0.010060085044253375,0.07545519081780741,0.004933936423109022,0.000653455801293845,0.02782273969132099,0.5512968341578652,0.2512159430951567
2009,8,0.002755751337978536,0.0038673488926130404,0.05639655324820259,0.006399422976385317,0.009492662207120433,0.07497083166315616,0.002362989708087986,0.0020912983375800695,0.02719073921329261,0.5797558718417131,0.2347165305738702
2010,8,0.0025634897872336354,0.0028631005495428252,0.05906168845379101,0.007234424487884833,0.010985700126157223,0.06609021427098194,0.0031258707793812095,0.0011853218908340838,0.028408674144821667,0.5953290258099417,0.22315248969942988
2003,16,0.0014468078650215785,0.003992777989568142,0.0522542977655634,0.0022886549725750173,0.008508322929687395,0.07741855270482988,0.0017201869204058972,0.0005005072832127158,0.03384498106043403,0.5579546803799857,0.2600702301287162
2011,8,0.0025496052322591,0.004382740973447302,0.06328158200673002,0.0015465083672838483,0.010823051643794011,0.08047273099683337,0.001383246358811767,0.0009885403669339164,0.03247449206649673,0.5489258994532392,0.2531716025341707
2012,8,0.0023056596660439854,0.004841742053326657,0.05811530282489234,0.0021341092087922412,0.009890494788818321,0.07617544203641058,0.0011746972236844537,0.0009371850394959274,0.028742386943821835,0.525312098136278,0.2903708820784356
2013,8,0.0018447751866574433,0.00868965323783243,0.06408821714755396,0.0032587098733782866,0.005834361864408852,0.08435847087900207,0.0014181068842048956,0.0014242886800930918,0.03710349179919984,0.5454071527794603,0.24657277166820893
2002,16,0.0011797103128079265,0.004034947124620909,0.06238988815008044,0.002390551927333176,0.010231342762011552,0.06991793590410976,0.0017802851905483169,0.0004887047262081267,0.033580654625045434,0.562909463107963,0.25109651616927137
2001,16,0.001824498724398274,0.004070959305500165,0.053443291409158135,0.0028129465899194945,0.00935487253170839,0.06551674499080984,0.001187245719243635,0.00040297616563973287,0.031554172461180696,0.557535371153626,0.27229692094881575
2000,9,0.0014598147214738182,0.0046291068778114425,0.06484424945521561,0.00177964953223389,0.021340887233930853,0.03735671043396398,0.000768478905965887,0.0006246611556296118,0.032129742598471116,0.5615113007478981,0.27355539833740566
2000,16,0.0011697588415723228,0.004106007545943657,0.05582337222452705,0.002126952655869921,0.013219326053575538,0.06158787174990022,0.0014062584820303198,0.00016763019209520248,0.026846741861611775,0.5731456851776108,0.26040039521526315
2001,9,0.0015481503434230538,0.004423283847349758,0.060961876932134944,0.001585719499987164,0.01323437550773807,0.05846517361133729,0.0007126053120602796,0.0005300003317701789,0.03344969205254744,0.555724538810896,0.26936458375075584
2002,9,0.0024344931856124415,0.004189524719917793,0.06185276687490582,0.005651904349716936,0.013647672177979898,0.04748621781272051,0.0012352189579774994,0.0009710212386257684,0.03714743839302901,0.5700916723593803,0.25529206993013404
2003,9,0.0019088176569269032,0.0034685290806568164,0.05492074127255771,0.004237537856621329,0.008644299298451733,0.06028652558022713,0.002901026867329253,0.0007147836073902936,0.03760924628055679,0.5520682561029499,0.27324023639633227
2004,9,0.0017717736253836896,0.005095249115771001,0.06856712741619168,0.0033837523653932693,0.010330841305315778,0.05948793827564498,0.003645865815347407,0.0007027911777877093,0.030854442251419315,0.5643693365274339,0.25179088212431133
2005,9,0.0015154753758615312,0.003951296938369764,0.053242160671359395,0.004029762676177147,0.00960923487502686,0.0734624738004407,0.0023762360749524586,0.000965823580957045,0.031966469172388365,0.5860220299819794,0.23285903685248738
2006,9,0.0013158974174225684,0.005303648799267654,0.0703972730532728,0.008782690632588594,0.00923878290834299,0.07212112347536266,0.0019692825818559035,0.0013993229271620907,0.027641303134009573,0.5765555425296858,0.2252751325410294
2006,15,0.0016167129037160746,0.004698066534185983,0.057988781575151235,0.0034827271496288754,0.0076810594715356496,0.0777924152201748,0.0027883086987714784,0.0006513564386982878,0.03083602736717298,0.548401241976983,0.2640633026639816
2007,9,0.0027485381185779877,0.004230013256997165,0.061691497999015785,0.005294584256856707,0.009594486299995401,0.07548658000226727,0.0028558747275582524,0.0009739764111947445,0.027644486577248478,0.5719146034575199,0.23756535889276834
2008,9,0.0024098407026510137,0.00402905248914559,0.05910931740342899,0.005444693714248067,0.007599750951364171,0.07239602427401294,0.0027047513441736193,0.0006584454351213051,0.03051411316363335,0.5821069378761231,0.2330270726460979
2009,9,0.001720602279551416,0.004532776220179326,0.05704489064858455,0.006116743512988307,0.007034374399433326,0.07519250242626208,0.006177072185333347,0.0006433330848542419,0.02887938978655101,0.5713059330885507,0.24135238236771175
2010,9,0.0022778995831392343,0.004658675776702158,0.06042981086938332,0.004506530246804891,0.008874744749762898,0.0875556396472511,0.0032570514099190336,0.0010744512883384318,0.03325325553075137,0.5570084411179399,0.23710349978000764
2011,9,0.0022258377440871717,0.007914408729692422,0.05000135386116945,0.0022115273163569645,0.009317227942994187,0.07811379769078922,0.0032918990312337804,0.0006526724737489834,0.029861383346511578,0.5402618954683358,0.2761479963950804
2005,15,0.0013095567341259472,0.004625541725013181,0.04858613490464288,0.0031938149008893368,0.006845613934089639,0.07830694630300118,0.0041306189741592315,0.0002730129184423363,0.029999968433462473,0.5513659604033094,0.2713628307688644
2012,9,0.004388895384644339,0.009427567629197308,0.05696041483494641,0.004659566685902449,0.010263908715745612,0.06873882278351251,0.002588422342626507,0.0004012835169730493,0.03431228015235401,0.5482007625685081,0.26005807538558967
2004,15,0.0008969502521226621,0.004297847509459006,0.05638635081547672,0.0023053291554687317,0.0090081179605211,0.07209854271893684,0.0020636304307556333,0.000579182244891184,0.02959048674861637,0.551307522223956,0.27146603993979584
2000,10,0.001882380712722965,0.005380538415523326,0.06353287296372391,0.0009991116486621045,0.01727452645840205,0.04108044280457867,0.001560415510747272,0.0002806894778346045,0.02863634447288646,0.5751250527848143,0.2642476247501043
2003,15,0.0012816138724789606,0.004521876114483007,0.053747375060956344,0.0033049641375163114,0.009377602907479552,0.06210897039938708,0.00243147463843424,0.0006125431845247605,0.027912502872299377,0.5590770153326141,0.27562406147982627
2002,15,0.0019304475502204834,0.005152531167532445,0.06275609999376629,0.002864652263719895,0.010739727713908284,0.07248151146653746,0.0017052351769500627,0.0003263148907878755,0.03457690613375265,0.5588420177724238,0.24862455587040083
2001,10,0.002946012025874284,0.0036241155106737128,0.052686501009393115,0.005173512685961678,0.010452440343801278,0.059570465860078435,0.0012887026944675575,0.0010201642922850565,0.038671619317523054,0.5762968422773271,0.2482696239826147
2002,10,0.0017306058767128968,0.00397926201228275,0.05860889186923666,0.003500620069002013,0.00963549272436623,0.046648157573434844,0.0012684746012961365,0.0005599417486668528,0.03712450528658616,0.602746968691661,0.2341970795467545
2003,10,0.0013471690259962321,0.004286870926973468,0.06638431994764758,0.0041857483647977966,0.011685162078787958,0.04613614080896554,0.001026593290921891,0.0006591264868164791,0.03159101400540066,0.5812589374423981,0.2514389176212944
2004,10,0.0022363074070138123,0.005302694865382728,0.06209789569669936,0.004104331290871052,0.011731826259742428,0.055930952736610626,0.003262944948643412,0.0012380316348903735,0.030514133610628345,0.5593705589654154,0.2642103225841025
2005,10,0.0009656369960267482,0.00402113371200811,0.05548766434715357,0.003493393496986323,0.008662809835811363,0.0648689633577388,0.0037023169024263,0.000660859910547857,0.029418036880496316,0.5632489904987323,0.2654701940620723
2006,10,0.004610448833184089,0.004414780368407059,0.06700330387272607,0.0036958286376060634,0.008783906605803386,0.07577591841556756,0.0032927352718983343,0.0013731720282628582,0.030763214578472035,0.554457398295898,0.24582929309217452
2007,10,0.0012534499810567376,0.0053670336532590434,0.06190876997006329,0.006462984768207995,0.0087370906462033,0.0768722734506385,0.003904597366570309,0.001209261003503416,0.02938441754521932,0.5471006793559957,0.25779944225928236
2001,15,0.0020080010550694934,0.004821246503973878,0.06120095719998682,0.0027867276369452154,0.011781168302319987,0.06738503703907597,0.0016140044343139343,0.0007632892337682862,0.029548508033427408,0.5574886115705426,0.2606024489905764
2008,10,0.0014029657631174858,0.0032234805036686054,0.061434233828681524,0.006001046076984298,0.008478686139239976,0.07784834377289974,0.002794049729792785,0.0002926109532978463,0.02605309738971701,0.558629806172631,0.2538416796699698
2009,10,0.0017961675917878297,0.006945610469362795,0.06035618306880577,0.0054822767512118864,0.008751431101546811,0.08599285985649546,0.0039706922642147,0.0009570514628586253,0.029989193619004692,0.5601300067668427,0.2356285270478688
2010,10,0.003279933454009435,0.006042920612663819,0.049769072001964614,0.005617550727698274,0.006413903580761863,0.0777889978395281,0.004675780335579323,0.0006104627028680588,0.02654215409110063,0.5586700726101327,0.2605891520436933
2011,10,0.0013241053568375009,0.004993524247590172,0.05322197573279537,0.002205408684543814,0.01100019153229627,0.0862108887974447,0.0017960953457613954,0.0004405975755085944,0.030576696276688603,0.5269081559278195,0.28132236052271414
2000,15,0.0018950798336534438,0.005159747848024259,0.06489401044128044,0.0024523636155691962,0.01218683464895461,0.05375980719540782,0.0015385900277817399,0.000718543479078855,0.030512683990593804,0.5814112445725583,0.24547109434709746
2007,14,0.0018641801260474908,0.0034299168720752964,0.052820183547837865,0.0022981776910202187,0.007960232526327488,0.07788748591236709,0.0032300827377232198,0.0007442766341937647,0.03008319076276176,0.578936165967459,0.2407461072221867
2000,11,0.0023100958703252557,0.005498278422553784,0.05249774958165562,0.004188927781508733,0.012857191947342427,0.05047964455897207,0.0014098132109991424,0.0010805328198624847,0.0388989217357859,0.5884182129235812,0.2423606311474134
2001,11,0.0014598400455545044,0.003691931152234299,0.05288016086702732,0.0044141477705035865,0.008161758292735733,0.06099727582475131,0.0010611232491972923,0.00047718592812821565,0.03808483656355178,0.5690428754813142,0.25972886482500185
2002,11,0.0015094769646882412,0.004727918899108107,0.06386490103685034,0.003479915302980555,0.018239426170624642,0.04954576984225759,0.0013490220411361384,0.0005419658155888902,0.027397955696706135,0.5844813108259327,0.2448623374041266
2006,14,0.001905498485699581,0.003550519932344271,0.05087396457592156,0.003607058881065509,0.007751767358392558,0.07775106488844266,0.002657045553315013,0.0009782208782304048,0.03387661001850936,0.5590850457776034,0.25796320365047565
2003,11,0.0021208971044269775,0.004617191652560292,0.06422151866789065,0.002315553257797476,0.009435473561098731,0.05549415065038344,0.0015013452265702015,0.000823271381925867,0.030542843758366252,0.5758241437722077,0.25310361096677253
2004,11,0.002425926746270603,0.004672912003542004,0.062145770824528344,0.0036853735167980206,0.01013359759593585,0.06653616324666366,0.0022361463135536124,0.0007381629205568268,0.026748703152835836,0.5710580738813038,0.24961916979801152
2005,11,0.0023703979297762722,0.004106403599068522,0.06034243633593166,0.0032061551018303957,0.009780409182911544,0.06885329295131568,0.0029827061289229924,0.0008737637916682949,0.027071127157914657,0.5609081808256616,0.2595051269949984
2005,14,0.0021349977461311794,0.004386832170495544,0.05494828660835255,0.0022863321208024846,0.007170458680244464,0.08085483431247364,0.002628039955348936,0.00046286901625938157,0.036016362207846896,0.5520170758457789,0.25709391133626613
2006,11,0.0015757023236202352,0.00399372800595976,0.0685872874014102,0.0035655858479914297,0.009660552041502594,0.07177478931281532,0.0014768132016270866,0.00022415407342103906,0.03129542626146403,0.5557293164579479,0.2521166450722406
2007,11,0.0018932270590888056,0.005281408560440003,0.06892118146752875,0.0038840852422721756,0.007376903441687538,0.08360756663657189,0.0030659439653412147,0.0005886541134254385,0.029420978960594816,0.5435576962305549,0.2524023543224944
2008,11,0.0017460107377151664,0.004553571696297963,0.05285303002999875,0.0035815602533633435,0.010357011154911049,0.08275928567110241,0.0030656101780271575,0.001514941922535458,0.03119097360751595,0.5510983809839601,0.25727962376457275
2009,11,0.002988018863887612,0.007422114174472216,0.04865781783682184,0.004413623442805719,0.008038587425076585,0.07666041952828918,0.004229267880870601,0.0009276501253170344,0.02585449675781569,0.5564168363402733,0.2643911676243703
2010,11,0.0025524725194475007,0.006601346545400327,0.055386567389115696,0.004702535104281107,0.008175370611493381,0.0685557740543568,0.003132999845488219,0.001622413503463688,0.034201538715567796,0.5510501767977715,0.264018804913614
2004,14,0.0014949948164207285,0.004269076631513807,0.05627518631342614,0.0013928009614325811,0.009318830026787985,0.07262525923863422,0.0026405587664848702,0.000571214393714969,0.03052965328749857,0.5636712425545858,0.2572111830095004
2003,14,0.0018072546620017565,0.0044034196095299035,0.05867691283017077,0.0021077317305197327,0.009366863381998899,0.06931598487986626,0.002324027204477514,0.0008243723215034051,0.03194471443600447,0.5526896382922051,0.26653908065172227
2000,12,0.002928380476144724,0.004410994583446374,0.04900417377970944,0.002952224412259984,0.009961108859790388,0.05873987991775362,0.001983459181674855,0.0005922029311927565,0.038932726942138444,0.5656491141883567,0.2648457347275327
2001,12,0.002303667402114318,0.004221340525290054,0.053553855213069775,0.004410292098417989,0.015331578912191899,0.05584494445279751,0.0021957200890495034,0.0011102541383546064,0.0352907669428068,0.5889750456077848,0.23676253461812288
2002,14,0.0019796248180196053,0.004824304041644966,0.05708232503641681,0.0034537995737193607,0.0099746103336902,0.06089846884232803,0.0020223097451921757,0.0008020193158723952,0.02508104983804198,0.5974291879627721,0.23645230049230243
2002,12,0.0017191467683505151,0.00481587103134223,0.07031028468348353,0.005832924668565249,0.011908431779947328,0.050972434580419314,0.001980302575981767,0.001036889565320183,0.03265694315296906,0.5714947263408742,0.24727204485274668
2003,12,0.001550712494182961,0.0044514446595803215,0.07681671941773206,0.0038433650685020106,0.010450368965531705,0.04322215098103452,0.0008301919456201337,0.0006454330435731116,0.027605640227895464,0.5953397102639876,0.23524426293236014
2004,12,0.0025598217972364924,0.005217548033850558,0.06239844737107661,0.002505244909558753,0.009718211934692569,0.06710791614230181,0.0017723583788599494,0.0008810549459794587,0.028678107637278766,0.5755397610215343,0.24362152782763075
2005,12,0.0014204434427393167,0.004488892437069295,0.060931304187847174,0.003567934946923663,0.008101743332381197,0.08196283829666523,0.0022992416242229897,0.0005563796778273432,0.035784765605470954,0.5507248752037571,0.25016158124509563
2006,12,0.002535614243542337,0.003729958718061977,0.06270229739387803,0.004211704789616436,0.006850533288565866,0.08461960719319567,0.002092539354224217,0.0012411189360594039,0.03319827417430601,0.5416142316099674,0.25720412029858264
2007,12,0.0014799748837958074,0.004417915375452908,0.05789935243354634,0.003555585297902964,0.009929935135382288,0.08269894903054661,0.0033672648696142903,0.0011242158983887436,0.030328013947572136,0.5508496499385248,0.25434914318927315
2001,14,0.0016613344285381466,0.0040343727839554575,0.05767617337903761,0.004131622085095496,0.012945835577660986,0.06255289777809228,0.0015189142833538394,0.0006822460293001407,0.029131714660624964,0.5627717386802072,0.26289315031413396
2008,12,0.002636514669523681,0.005602393429817697,0.054218577071221685,0.0023842486837303465,0.00964855113078391,0.08508744564765804,0.002909688340160485,0.0002736665404950798,0.02742688729120559,0.5526179482900144,0.25719407890538915
2009,12,0.0027938593150661235,0.0053691187741775085,0.05660946144226205,0.0033583838505075224,0.009798056986426095,0.07928823682489985,0.003280867968061197,0.0012128686931436223,0.03373225278379259,0.5503165928987566,0.25424030046290685
2000,14,0.0011640646890625189,0.004655010027208244,0.0717400270813172,0.0030296611382755606,0.012432158101859664,0.04495788608851708,0.0013924268347069676,0.0008448857137265449,0.0313153965694795,0.5916059471263821,0.2368625366294646
2000,13,0.0015788647282342677,0.005245241669000331,0.06582130176430855,0.00211065967164888,0.015457147577076441,0.0474423294355072,0.002307017513710358,0.0003372934418278559,0.03692819399611503,0.5817681275950112,0.24100382260756
2008,13,0.0020938658404632666,0.004225105313811813,0.052792909577600494,0.003689076819239359,0.008467092550642187,0.07447544730196323,0.004859992631233194,0.0008072411919762902,0.03323412705945799,0.5462928906428474,0.2690622510707649
2001,13,0.0014539243686029382,0.00413791419504557,0.05554257055855179,0.0035007964386188466,0.010388607289228332,0.06634724914225414,0.0017895903079652876,0.0007713975766614375,0.03370654905024033,0.5841175399841825,0.2382438610886489
2007,13,0.0023449218683884816,0.004083013887901579,0.05310208150267334,0.003614800493255224,0.00713043769725762,0.08281412188435348,0.0026942364298101627,0.0008985089942211505,0.028828777745433083,0.5695466236296582,0.2449424758670477
2002,13,0.002374576444571662,0.005314920898484926,0.07645426039872893,0.0046701000077696295,0.0159882589012798,0.055819381182696255,0.0014498080582657663,0.0007358422800038682,0.025021053042101525,0.5690412133976213,0.24313058538847654
2003,13,0.0019999660544056538,0.0036017995368099825,0.059299211889997226,0.0016092493972369617,0.010159301821900639,0.06097710382858503,0.001152864362481681,0.0009188581776363885,0.027653629861801487,0.564701988522531,0.26792602654661407
2004,13,0.0024663259334017883,0.005234416596943123,0.05353918815300614,0.00328419805230262,0.010326965790311324,0.06674418935157139,0.0017065598251958922,0.0005496908965580464,0.03069516930691017,0.5648455834083905,0.260607712685409
2005,13,0.0019301407198126154,0.0041078341932550356,0.051707407211661977,0.003339476936901259,0.008703388204919185,0.07937845815928608,0.0023519826533493944,0.0010217244128241537,0.029699455114956298,0.559373872401765,0.258386259991269
2006,13,0.0014338413803472818,0.0049195148856036,0.05696097004305668,0.004003509069264109,0.008309728827604225,0.07526517973036922,0.0026780249421795885,0.0005573119430189,0.0331049733891527,0.5547881626363297,0.2579787831530741
2018,5,0.00492663084835944,0.01531018075853091,0.04177433227343166,0.003004920726466693,0.0077755699167717,0.06017604963971687,0.0010651792274773478,0.0004821673187373694,0.03436160186808589,0.5400489650695715,0.2910744023528507
2017,6,0.004307593504557701,0.011955160486064036,0.04059797168496854,0.005605247671338345,0.008735249439977347,0.06207923837234636,0.0009705809099526589,0.0006451058863075139,0.02937785736241015,0.5935927825857984,0.24213321209627897
2016,7,0.001044522154482285,0.003292923389143536,0.045460510161323464,0.003805422834225463,0.006411911766083736,0.06065612208377649,0.002510829142146211,0.0005614979087465752,0.03613147594322988,0.5661024030368226,0.27402238158001985
2004,19,0.0015053369019955975,0.00447798814590144,0.05095350431361539,0.0016453849323909686,0.008022874313016461,0.06633473445088861,0.0015211807134703163,0.0003565122306986253,0.028881873550535578,0.5821109800669303,0.25418963038055675
2007,16,0.002067846478052128,0.006108819253532154,0.05913824512234312,0.0032626399157800277,0.008500925786690905,0.08381767986586766,0.0036327698112303764,0.0013761050010163078,0.030303954637768603,0.5320489939511771,0.2697420201765416
2015,8,0.0043680211395809585,0.00935097291480235,0.043011631240078244,0.003342795040709837,0.006682046096237741,0.07235461236724468,0.00025701977525894936,0.0006309116878779014,0.03853030298341766,0.5489268945435545,0.2725447922112373
2017,5,0.0030903665480043387,0.006851252318429815,0.041049913989614,0.003756459813664959,0.008106514905729209,0.07442153495385348,0.0016877741622953605,0.00024552268049278785,0.03462562356646606,0.4062420127017258,0.4199230243597242
2001,22,0.0016960844459084957,0.004940773844422244,0.05056643120354756,0.0027402143259351148,0.010129669558519277,0.064116877569368,0.0021690910650124704,0.0003329029104834655,0.027895195620593075,0.5497239958976426,0.28568876355856765
2002,21,0.0012499549177949758,0.004707092098646691,0.0586221096373168,0.0016835422588563618,0.01146340458900927,0.06758998378747204,0.0033473428860080778,0.0005767157232308831,0.027642518488066963,0.5396434068541442,0.28347392875945376
2014,9,0.00229442980506054,0.005439825803361942,0.050716082926476724,0.0020184177512091884,0.011635034153330464,0.06646480327162334,0.0011117766270801047,0.0004671705394117964,0.03657161136838088,0.559978750488069,0.26330209726599607
2012,11,0.003186533974574758,0.008852084447074554,0.049346089224374466,0.003341748909115493,0.01112898923646215,0.07106462832453957,0.0022446066834048125,0.0006958177971668325,0.02930147324502949,0.5419205609279829,0.2789174672302751
2015,7,0.007230998685499125,0.004760590464100256,0.05066183886429351,0.0021856889285035226,0.006471899477827661,0.08310765420233522,0.0012842344926815978,0.0007194880710891151,0.04063723296025655,0.549313011155368,0.2536273626980454
2006,16,0.0012052736118401955,0.004991046748453799,0.0589836704047339,0.0029085217973742316,0.007030293114567995,0.09220609593451025,0.002482354088513922,0.00038438064458742123,0.030735745248266274,0.5557604991240006,0.24331211928315138
2000,22,0.0020932436589950233,0.004281646963394062,0.04949332139022981,0.0022388872847001313,0.01069680163014555,0.06453406777679363,0.002041595847021643,0.00029536308426770765,0.026514672620197088,0.5636715525464752,0.27413884719778014
2003,19,0.0020817347539874432,0.005454847875519138,0.05308800159765137,0.0017255927419174096,0.008270883792134465,0.07108913175573076,0.0024992791146549584,0.0006316323325259649,0.028824068722307406,0.5516297775387748,0.2747050497747963
2001,21,0.0017853651485602534,0.004162668452027122,0.05970915224062133,0.0018479777740758655,0.00943846684184758,0.06480866706204476,0.0013953168534825858,0.0006890954936560137,0.030555572182267628,0.5620443529500281,0.2635633650013888
2010,12,0.002573457048912616,0.006982063892105212,0.05098839485413918,0.004415530038030999,0.008585060672295164,0.08010049953099033,0.004531872549275939,0.0010727522371733556,0.028434576584913183,0.5409750824582318,0.2713407101339323
2005,17,0.0018623264770201498,0.005498411298077274,0.04915946797733027,0.003991315760053748,0.006348178320253511,0.07597155811836016,0.002632242164391155,0.0006871121516718563,0.026591433015565765,0.5613385334113982,0.265919421305878
